 159  691 
 159  697 
 159  702 
 158  703 
 158  708 
 158  717 
 158  736 
 158  772 
 158  820 
 158  873 
 159  917 
 159  944 
 158  951 
 158  938 
 158  912 
 158  879 
 158  850 
 158  826 
 158  810 
 158  802 
 158  802 
 158  808 
 158  814 
 158  814 
 158  806 
 157  793 
 157  781 
 157  767 
 157  756 
 157  750 
 157  747 
 157  748 
 157  748 
 157  751 
 157  755 
 157  759 
 157  762 
 157  761 
 157  760 
 157  760 
 157  761 
 156  760 
 156  754 
 156  748 
 156  741 
 156  736 
 156  731 
 156  726 
 156  723 
 156  723 
 156  727 
 156  730 
 156  730 
 156  728 
 156  724 
 155  722 
 155  719 
 155  719 
 155  722 
 155  722 
 155  720 
 155  717 
 155  720 
 155  723 
 155  721 
 155  717 
 155  710 
 155  700 
 155  692 
 155  693 
 155  706 
 155  717 
 154  728 
 154  736 
 154  744 
 154  747 
 154  748 
 154  755 
 154  767 
 154  791 
 154  830 
 154  881 
 154  935 
 154  976 
 154  1001 
 154  1001 
 154  980 
 154  945 
 154  903 
 154  870 
 154  849 
 154  837 
 154  834 
 154  839 
 154  847 
 153  849 
 153  846 
 153  838 
 153  824 
 153  805 
 153  776 
 153  750 
 153  734 
 153  729 
 153  733 
 153  735 
 153  736 
 153  735 
 152  736 
 152  740 
 152  742 
 152  747 
 152  751 
 152  751 
 152  745 
 152  736 
 152  734 
 152  734 
 152  735 
 152  734 
 152  735 
 152  737 
 152  735 
 152  735 
 152  740 
 151  743 
 151  741 
 151  737 
 151  736 
 151  739 
 151  743 
 151  745 
 151  750 
 151  755 
 151  760 
 151  765 
 151  768 
 151  769 
 151  770 
 151  766 
 151  762 
 151  761 
 151  765 
 150  772 
 150  777 
 150  780 
 150  784 
 150  789 
 150  794 
 150  800 
 150  811 
 150  829 
 150  865 
 150  919 
 150  985 
 150  1050 
 150  1095 
 150  1114 
 150  1103 
 150  1069 
 150  1023 
 150  975 
 150  937 
 150  911 
 150  900 
 150  900 
 150  904 
 150  910 
 150  910 
 149  905 
 149  891 
 149  868 
 149  840 
 149  805 
 149  775 
 149  761 
 149  762 
 149  768 
 149  772 
 149  774 
 149  774 
 149  775 
 149  777 
 148  779 
 148  782 
 148  782 
 148  778 
 148  772 
 148  766 
 148  762 
 148  764 
 148  769 
 148  771 
 148  773 
 148  777 
 148  779 
 148  780 
 148  779 
 148  778 
 148  781 
 147  785 
 147  789 
 147  789 
 147  789 
 147  791 
 147  796 
 147  801 
 147  802 
 147  803 
 147  804 
 147  803 
 147  800 
 147  791 
 147  785 
 147  782 
 147  785 
 147  791 
 147  794 
 146  795 
 146  797 
 146  803 
 146  803 
 146  800 
 146  801 
 146  806 
 146  829 
 146  876 
 146  941 
 146  1011 
 146  1070 
 147  1109 
 146  1121 
 146  1108 
 146  1072 
 146  1017 
 146  963 
 146  926 
 146  907 
 146  901 
 146  903 
 146  907 
 146  908 
 146  909 
 145  902 
 145  885 
 145  857 
 145  824 
 145  797 
 145  782 
 145  784 
 145  793 
 145  803 
 145  811 
 145  816 
 145  819 
 145  820 
 145  822 
 145  826 
 144  828 
 144  822 
 144  812 
 144  802 
 144  796 
 144  794 
 144  799 
 144  801 
 144  801 
 144  803 
 144  805 
 144  808 
 144  812 
 144  818 
 144  823 
 144  825 
 144  825 
 143  822 
 143  822 
 143  825 
 143  825 
 143  821 
 143  815 
 143  814 
 143  814 
 143  812 
 143  807 
 143  803 
 143  799 
 143  789 
 143  782 
 143  781 
 143  784 
 142  785 
 142  782 
 142  783 
 142  786 
 142  785 
 142  788 
 142  799 
 142  824 
 142  870 
 142  940 
 142  1020 
 143  1090 
 143  1141 
 143  1166 
 143  1163 
 142  1133 
 142  1075 
 142  1005 
 142  943 
 142  903 
 142  884 
 142  878 
 142  883 
 142  890 
 142  895 
 141  887 
 141  867 
 141  838 
 141  802 
 141  770 
 141  754 
 141  754 
 141  759 
 141  761 
 141  760 
 141  751 
 141  745 
 141  748 
 140  759 
 140  768 
 140  770 
 140  767 
 140  761 
 140  755 
 140  754 
 140  756 
 140  757 
 140  754 
 140  756 
 140  762 
 140  767 
 140  772 
 140  776 
 140  784 
 140  791 
 140  797 
 139  800 
 139  803 
 139  807 
 139  810 
 139  814 
 139  818 
 139  819 
 139  821 
 139  822 
 139  825 
 139  831 
 139  838 
 139  843 
 139  843 
 139  844 
 139  846 
 139  851 
 139  858 
 139  863 
 139  868 
 139  870 
 138  871 
 138  874 
 138  878 
 138  890 
 138  919 
 138  973 
 139  1046 
 139  1119 
 139  1187 
 139  1240 
 139  1273 
 139  1273 
 139  1237 
 138  1169 
 138  1088 
 138  1018 
 138  974 
 138  954 
 138  951 
 138  955 
 138  960 
 138  956 
 138  944 
 138  926 
 138  902 
 137  866 
 137  832 
 137  815 
 137  813 
 137  815 
 137  816 
 137  816 
 137  819 
 137  822 
 137  825 
 137  826 
 137  824 
 137  821 
 137  812 
 137  805 
 136  800 
 136  797 
 136  794 
 136  790 
 136  792 
 136  794 
 136  794 
 136  791 
 136  789 
 136  790 
 136  792 
 136  795 
 136  796 
 136  794 
 136  791 
 136  785 
 136  779 
 135  776 
 135  778 
 135  783 
 135  782 
 135  777 
 135  774 
 135  774 
 135  776 
 135  778 
 135  784 
 135  796 
 135  808 
 135  816 
 135  822 
 135  826 
 135  824 
 135  825 
 135  830 
 135  841 
 135  862 
 135  900 
 135  962 
 135  1044 
 135  1132 
 135  1212 
 135  1273 
 135  1310 
 135  1313 
 135  1276 
 135  1207 
 135  1123 
 134  1044 
 134  982 
 134  947 
 134  937 
 134  941 
 134  949 
 134  949 
 134  941 
 134  926 
 134  897 
 134  859 
 133  827 
 133  815 
 133  820 
 133  832 
 133  843 
 133  848 
 133  851 
 133  855 
 133  862 
 133  868 
 133  871 
 133  873 
 133  872 
 133  869 
 133  864 
 133  860 
 133  860 
 133  858 
 133  856 
 133  852 
 132  847 
 132  841 
 132  835 
 132  832 
 132  828 
 132  828 
 132  829 
 132  829 
 132  831 
 132  832 
 132  833 
 132  829 
 132  822 
 132  816 
 132  812 
 132  810 
 132  806 
 131  800 
 131  794 
 131  790 
 131  790 
 131  792 
 131  794 
 131  795 
 131  798 
 131  801 
 131  798 
 131  793 
 131  788 
 131  790 
 131  811 
 131  854 
 131  926 
 131  1013 
 131  1100 
 131  1181 
 131  1249 
 131  1297 
 131  1310 
 131  1288 
 131  1234 
 131  1157 
 131  1075 
 131  1009 
 130  972 
 130  961 
 130  963 
 130  965 
 130  958 
 130  946 
 130  925 
 130  893 
 130  853 
 130  819 
 130  807 
 130  810 
 130  824 
 130  841 
 130  852 
 129  860 
 129  862 
 129  863 
 129  863 
 129  861 
 129  857 
 129  850 
 129  845 
 129  841 
 129  838 
 129  838 
 129  836 
 129  836 
 129  835 
 129  833 
 129  829 
 129  826 
 128  826 
 128  829 
 128  841 
 128  849 
 128  854 
 128  859 
 128  866 
 128  876 
 128  885 
 128  895 
 128  905 
 128  913 
 128  923 
 128  933 
 128  940 
 128  943 
 128  943 
 128  946 
 128  945 
 128  940 
 128  930 
 128  921 
 128  914 
 127  904 
 127  894 
 127  887 
 127  885 
 127  898 
 127  935 
 127  1002 
 128  1087 
 128  1174 
 128  1255 
 128  1318 
 128  1351 
 128  1341 
 128  1292 
 127  1212 
 127  1117 
 127  1023 
 127  943 
 127  888 
 127  856 
 127  840 
 126  833 
 126  826 
 126  815 
 126  795 
 126  764 
 126  732 
 126  714 
 126  717 
 126  728 
 126  740 
 126  750 
 126  757 
 126  760 
 126  761 
 125  767 
 125  770 
 125  766 
 125  761 
 125  757 
 125  754 
 125  745 
 125  738 
 125  737 
 125  736 
 125  736 
 125  737 
 125  743 
 125  750 
 125  756 
 125  761 
 125  761 
 125  763 
 124  763 
 124  764 
 124  769 
 124  777 
 124  782 
 124  782 
 124  784 
 124  792 
 124  795 
 124  796 
 124  795 
 124  796 
 124  800 
 124  805 
 124  812 
 124  818 
 124  825 
 124  827 
 124  826 
 124  828 
 124  834 
 123  846 
 123  858 
 123  879 
 124  927 
 124  1003 
 124  1106 
 124  1217 
 124  1330 
 124  1429 
 124  1500 
 125  1536 
 124  1533 
 124  1501 
 124  1445 
 124  1374 
 124  1297 
 124  1219 
 123  1150 
 123  1091 
 123  1040 
 123  996 
 123  954 
 123  913 
 123  865 
 122  815 
 122  778 
 122  768 
 122  783 
 122  805 
 122  823 
 122  835 
 122  842 
 122  853 
 122  864 
 122  870 
 122  865 
 122  855 
 122  842 
 122  831 
 122  827 
 122  822 
 122  817 
 122  815 
 122  819 
 121  828 
 121  835 
 121  842 
 121  846 
 121  846 
 121  847 
 121  847 
 121  849 
 121  849 
 121  848 
 121  856 
 121  865 
 121  873 
 121  879 
 121  886 
 121  891 
 121  891 
 121  890 
 121  885 
 121  881 
 121  883 
 120  890 
 120  900 
 120  906 
 120  913 
 120  916 
 120  920 
 120  924 
 120  928 
 120  940 
 120  964 
 120  1014 
 120  1099 
 121  1213 
 121  1345 
 121  1481 
 121  1602 
 122  1691 
 122  1747 
 122  1775 
 122  1772 
 122  1748 
 121  1704 
 121  1650 
 121  1591 
 121  1531 
 121  1469 
 121  1397 
 120  1311 
 120  1207 
 120  1095 
 120  982 
 119  867 
 119  776 
 119  732 
 119  726 
 119  739 
 119  754 
 119  767 
 119  776 
 119  783 
 119  789 
 119  794 
 119  798 
 119  797 
 119  790 
 118  777 
 118  762 
 118  750 
 118  736 
 118  729 
 118  729 
 118  732 
 118  738 
 118  745 
 118  756 
 118  767 
 118  775 
 118  778 
 118  779 
 118  781 
 118  784 
 118  791 
 118  798 
 117  803 
 117  808 
 117  814 
 117  822 
 117  830 
 117  836 
 117  840 
 117  841 
 117  841 
 117  843 
 117  848 
 117  855 
 117  861 
 117  872 
 117  883 
 117  891 
 117  896 
 117  899 
 117  910 
 117  930 
 117  972 
 117  1048 
 117  1155 
 117  1285 
 118  1423 
 118  1560 
 118  1676 
 118  1768 
 118  1829 
 118  1853 
 118  1847 
 118  1820 
 118  1782 
 118  1732 
 118  1664 
 118  1582 
 118  1501 
 117  1427 
 117  1349 
 117  1253 
 117  1140 
 116  1004 
 116  864 
 116  756 
 116  715 
 116  720 
 116  737 
 116  754 
 116  768 
 116  777 
 116  783 
 115  790 
 115  803 
 115  811 
 115  814 
 115  809 
 115  797 
 115  786 
 115  778 
 115  775 
 115  775 
 115  773 
 115  770 
 115  766 
 115  768 
 115  771 
 115  775 
 115  778 
 114  777 
 114  779 
 114  782 
 114  784 
 114  785 
 114  785 
 114  786 
 114  789 
 114  796 
 114  801 
 114  806 
 114  809 
 114  807 
 114  806 
 114  804 
 114  806 
 114  814 
 114  821 
 114  826 
 114  829 
 113  832 
 113  834 
 113  841 
 113  852 
 113  869 
 113  910 
 113  987 
 114  1100 
 114  1235 
 114  1380 
 114  1525 
 115  1654 
 115  1757 
 115  1828 
 115  1864 
 115  1875 
 115  1864 
 115  1838 
 115  1788 
 115  1706 
 115  1613 
 114  1535 
 114  1466 
 114  1393 
 114  1303 
 113  1190 
 113  1047 
 113  891 
 113  763 
 112  701 
 112  694 
 112  710 
 112  728 
 112  739 
 112  747 
 112  755 
 112  768 
 112  786 
 112  800 
 112  805 
 112  801 
 112  791 
 112  781 
 112  770 
 112  762 
 112  756 
 112  752 
 112  755 
 112  765 
 111  780 
 111  790 
 111  797 
 111  801 
 111  803 
 111  804 
 111  807 
 111  818 
 111  831 
 111  842 
 111  851 
 111  857 
 111  864 
 111  871 
 111  873 
 111  872 
 111  866 
 111  863 
 111  862 
 111  868 
 111  875 
 111  876 
 110  876 
 110  877 
 110  882 
 110  887 
 110  893 
 110  902 
 110  919 
 110  963 
 110  1046 
 111  1168 
 111  1312 
 111  1463 
 111  1610 
 112  1739 
 112  1846 
 112  1922 
 112  1961 
 112  1970 
 112  1949 
 112  1892 
 112  1801 
 112  1710 
 111  1640 
 111  1575 
 111  1501 
 111  1416 
 111  1316 
 110  1188 
 110  1029 
 110  865 
 109  738 
 109  678 
 109  668 
 109  678 
 109  693 
 109  704 
 109  714 
 109  721 
 109  731 
 109  750 
 109  767 
 109  776 
 109  773 
 109  766 
 109  758 
 109  751 
 109  750 
 108  751 
 108  752 
 108  755 
 108  759 
 108  767 
 108  777 
 108  786 
 108  793 
 108  803 
 108  813 
 108  819 
 108  830 
 108  841 
 108  852 
 108  859 
 108  862 
 108  866 
 108  873 
 108  885 
 108  895 
 108  902 
 108  910 
 108  921 
 108  936 
 108  949 
 108  957 
 108  966 
 107  974 
 107  978 
 107  979 
 107  983 
 107  995 
 107  1027 
 107  1096 
 108  1202 
 108  1339 
 108  1495 
 109  1657 
 109  1810 
 109  1944 
 109  2055 
 110  2131 
 110  2172 
 110  2183 
 110  2152 
 109  2075 
 109  1985 
 109  1916 
 109  1858 
 109  1796 
 109  1724 
 108  1638 
 108  1534 
 108  1400 
 107  1232 
 107  1061 
 107  922 
 107  844 
 107  825 
 107  836 
 107  855 
 107  867 
 107  873 
 107  876 
 106  882 
 106  890 
 106  895 
 106  896 
 106  892 
 106  889 
 106  889 
 106  890 
 106  892 
 106  893 
 106  894 
 106  892 
 106  890 
 106  888 
 106  888 
 106  896 
 106  907 
 106  920 
 106  932 
 106  941 
 106  948 
 106  951 
 105  957 
 105  964 
 105  973 
 105  981 
 105  985 
 105  990 
 105  995 
 105  1002 
 105  1009 
 105  1014 
 105  1019 
 105  1021 
 105  1026 
 105  1032 
 105  1030 
 105  1028 
 105  1028 
 105  1036 
 105  1057 
 105  1103 
 105  1190 
 105  1316 
 106  1470 
 106  1640 
 106  1809 
 107  1965 
 107  2094 
 107  2185 
 107  2237 
 107  2255 
 107  2220 
 107  2133 
 107  2041 
 107  1973 
 107  1918 
 106  1856 
 106  1779 
 106  1692 
 106  1584 
 105  1451 
 105  1292 
 105  1124 
 104  971 
 104  860 
 104  807 
 104  795 
 104  802 
 104  812 
 104  816 
 104  819 
 104  821 
 104  822 
 104  822 
 104  818 
 104  815 
 104  812 
 103  811 
 103  810 
 103  805 
 103  801 
 103  796 
 103  793 
 103  792 
 103  796 
 103  800 
 103  802 
 103  806 
 103  810 
 103  814 
 103  820 
 103  825 
 103  831 
 103  834 
 103  838 
 103  842 
 102  849 
 102  855 
 102  855 
 102  852 
 102  847 
 102  852 
 102  867 
 102  884 
 102  899 
 102  909 
 102  914 
 102  919 
 102  920 
 102  928 
 102  944 
 102  980 
 102  1050 
 102  1160 
 103  1310 
 103  1488 
 103  1678 
 104  1860 
 104  2025 
 104  2164 
 105  2265 
 105  2318 
 105  2297 
 104  2231 
 104  2166 
 104  2119 
 104  2076 
 104  2028 
 104  1977 
 104  1920 
 104  1851 
 104  1765 
 103  1655 
 103  1516 
 103  1357 
 102  1203 
 102  1064 
 102  942 
 101  847 
 101  782 
 101  744 
 101  727 
 101  721 
 101  722 
 101  720 
 101  719 
 101  721 
 101  721 
 101  723 
 101  726 
 101  734 
 101  742 
 101  747 
 100  752 
 100  757 
 100  764 
 100  772 
 100  778 
 100  782 
 100  783 
 100  784 
 100  786 
 100  791 
 100  797 
 100  801 
 100  804 
 100  803 
 100  804 
 100  804 
 100  805 
 100  811 
 100  815 
 100  815 
 100  816 
 99  823 
 99  830 
 99  833 
 99  842 
 99  851 
 99  861 
 99  870 
 99  878 
 99  891 
 99  923 
 99  995 
 100  1112 
 100  1269 
 100  1465 
 101  1677 
 101  1885 
 101  2074 
 102  2234 
 102  2355 
 102  2404 
 102  2379 
 102  2324 
 102  2281 
 102  2250 
 102  2218 
 102  2187 
 102  2154 
 102  2121 
 102  2082 
 102  2032 
 101  1961 
 101  1856 
 101  1727 
 101  1591 
 100  1461 
 100  1343 
 100  1233 
 100  1137 
 99  1054 
 99  985 
 99  927 
 99  884 
 99  854 
 99  830 
 99  809 
 99  794 
 98  784 
 98  779 
 98  775 
 98  776 
 98  777 
 98  780 
 98  783 
 98  783 
 98  781 
 98  776 
 98  775 
 98  777 
 98  781 
 98  786 
 98  789 
 98  791 
 98  792 
 98  792 
 98  795 
 97  799 
 97  804 
 97  813 
 97  823 
 97  830 
 97  834 
 97  841 
 97  851 
 97  862 
 97  872 
 97  879 
 97  889 
 97  895 
 97  899 
 97  903 
 97  915 
 97  945 
 97  1006 
 97  1116 
 97  1273 
 98  1470 
 98  1686 
 99  1900 
 99  2103 
 100  2273 
 100  2400 
 100  2449 
 100  2427 
 100  2386 
 100  2358 
 100  2344 
 100  2330 
 100  2314 
 100  2297 
 100  2276 
 100  2247 
 100  2198 
 99  2125 
 99  2029 
 99  1916 
 99  1799 
 99  1685 
 98  1579 
 98  1479 
 98  1382 
 98  1295 
 98  1214 
 97  1139 
 97  1073 
 97  1017 
 97  970 
 97  929 
 97  896 
 97  868 
 96  850 
 96  843 
 96  838 
 96  833 
 96  829 
 96  827 
 96  824 
 96  822 
 96  823 
 96  820 
 96  814 
 96  807 
 96  801 
 96  798 
 96  792 
 95  788 
 95  787 
 95  790 
 95  794 
 95  796 
 95  799 
 95  801 
 95  806 
 95  810 
 95  813 
 95  820 
 95  826 
 95  831 
 95  833 
 95  837 
 95  842 
 95  843 
 95  849 
 95  864 
 95  889 
 95  935 
 95  1018 
 95  1157 
 95  1343 
 96  1558 
 96  1782 
 97  1997 
 97  2188 
 98  2339 
 98  2419 
 98  2431 
 98  2423 
 98  2426 
 98  2435 
 98  2439 
 98  2441 
 98  2446 
 98  2454 
 98  2449 
 98  2424 
 98  2365 
 98  2271 
 97  2151 
 97  2023 
 97  1902 
 97  1790 
 97  1686 
 96  1583 
 96  1476 
 96  1367 
 96  1259 
 95  1159 
 95  1070 
 95  998 
 95  947 
 95  913 
 95  889 
 95  871 
 94  858 
 94  849 
 94  842 
 94  836 
 94  827 
 94  820 
 94  815 
 94  814 
 94  818 
 94  818 
 94  815 
 94  809 
 94  801 
 94  792 
 94  781 
 93  776 
 93  774 
 93  780 
 93  789 
 93  795 
 93  798 
 93  799 
 93  800 
 93  800 
 93  800 
 93  802 
 93  803 
 93  804 
 93  807 
 93  805 
 93  801 
 93  804 
 93  817 
 93  832 
 93  858 
 93  915 
 93  1016 
 93  1169 
 93  1371 
 94  1602 
 94  1838 
 95  2055 
 95  2237 
 95  2340 
 96  2384 
 96  2414 
 96  2452 
 96  2502 
 96  2546 
 96  2571 
 96  2569 
 96  2551 
 96  2524 
 96  2478 
 96  2410 
 96  2320 
 95  2206 
 95  2075 
 95  1943 
 95  1819 
 94  1694 
 94  1573 
 94  1457 
 94  1345 
 94  1235 
 93  1127 
 93  1027 
 93  932 
 93  848 
 92  784 
 92  745 
 92  727 
 92  718 
 92  712 
 92  706 
 92  700 
 92  696 
 92  692 
 92  693 
 92  692 
 92  690 
 92  687 
 91  682 
 91  679 
 91  678 
 91  680 
 91  682 
 91  684 
 91  689 
 91  691 
 91  692 
 91  692 
 91  693 
 91  695 
 91  696 
 91  695 
 91  696 
 91  702 
 90  713 
 90  727 
 90  744 
 90  757 
 90  764 
 90  769 
 90  774 
 90  785 
 90  808 
 90  862 
 90  960 
 91  1109 
 91  1309 
 92  1540 
 92  1782 
 93  2015 
 93  2205 
 93  2316 
 93  2384 
 94  2445 
 94  2489 
 94  2502 
 94  2497 
 94  2490 
 94  2484 
 94  2465 
 94  2430 
 94  2379 
 93  2314 
 93  2237 
 93  2138 
 93  2016 
 93  1887 
 92  1763 
 92  1645 
 92  1532 
 92  1429 
 91  1328 
 91  1228 
 91  1129 
 91  1034 
 90  948 
 90  866 
 90  790 
 90  725 
 90  675 
 90  646 
 90  631 
 90  631 
 89  637 
 89  644 
 89  649 
 89  657 
 89  668 
 89  678 
 89  685 
 89  691 
 89  695 
 89  703 
 89  712 
 89  720 
 89  724 
 89  731 
 89  740 
 89  750 
 89  760 
 89  768 
 89  772 
 89  777 
 89  781 
 88  787 
 88  793 
 88  804 
 88  819 
 88  829 
 88  839 
 88  848 
 88  857 
 88  861 
 88  867 
 88  879 
 88  906 
 88  969 
 88  1087 
 89  1259 
 89  1479 
 90  1721 
 90  1967 
 91  2197 
 91  2357 
 91  2456 
 91  2520 
 92  2548 
 92  2545 
 92  2535 
 92  2528 
 92  2519 
 92  2504 
 92  2475 
 92  2432 
 91  2375 
 91  2304 
 91  2220 
 91  2115 
 91  1992 
 90  1864 
 90  1745 
 90  1637 
 90  1536 
 89  1445 
 89  1356 
 89  1275 
 89  1195 
 89  1115 
 88  1034 
 88  950 
 88  874 
 88  807 
 88  750 
 88  711 
 88  685 
 87  677 
 87  678 
 87  686 
 87  696 
 87  707 
 87  721 
 87  733 
 87  747 
 87  761 
 87  775 
 87  788 
 87  797 
 87  806 
 87  818 
 87  832 
 87  847 
 87  861 
 87  874 
 87  881 
 87  884 
 87  885 
 87  882 
 87  881 
 87  885 
 87  895 
 87  910 
 87  922 
 87  933 
 86  940 
 86  946 
 86  953 
 86  965 
 86  987 
 86  1021 
 87  1090 
 87  1212 
 87  1390 
 88  1614 
 88  1859 
 88  2111 
 89  2331 
 89  2476 
 89  2559 
 90  2594 
 90  2592 
 90  2576 
 90  2563 
 90  2554 
 90  2541 
 90  2521 
 90  2488 
 90  2442 
 89  2383 
 89  2310 
 89  2217 
 89  2103 
 89  1982 
 88  1866 
 88  1762 
 88  1671 
 88  1589 
 88  1512 
 88  1434 
 87  1358 
 87  1286 
 87  1212 
 87  1132 
 87  1051 
 86  972 
 86  897 
 86  828 
 86  774 
 86  735 
 86  714 
 86  705 
 86  704 
 86  709 
 85  717 
 85  729 
 85  735 
 85  744 
 85  755 
 85  765 
 85  771 
 85  774 
 85  780 
 85  787 
 85  795 
 85  804 
 85  811 
 85  821 
 85  829 
 85  832 
 85  835 
 85  841 
 85  853 
 85  865 
 85  880 
 85  890 
 85  897 
 85  902 
 84  901 
 84  900 
 84  906 
 84  921 
 84  947 
 84  992 
 85  1088 
 85  1245 
 85  1463 
 86  1718 
 86  1988 
 87  2246 
 87  2419 
 88  2510 
 88  2542 
 88  2542 
 88  2535 
 88  2529 
 88  2532 
 88  2531 
 88  2517 
 88  2491 
 88  2452 
 88  2402 
 88  2339 
 87  2264 
 87  2169 
 87  2052 
 87  1934 
 87  1824 
 86  1728 
 86  1645 
 86  1573 
 86  1507 
 86  1442 
 86  1377 
 85  1309 
 85  1238 
 85  1165 
 85  1090 
 85  1018 
 84  947 
 84  877 
 84  810 
 84  747 
 84  692 
 84  649 
 83  620 
 83  602 
 83  591 
 83  591 
 83  601 
 83  616 
 83  632 
 83  649 
 83  668 
 83  684 
 83  703 
 83  723 
 83  740 
 83  755 
 83  768 
 83  779 
 83  789 
 83  795 
 83  798 
 83  804 
 83  814 
 83  825 
 83  838 
 83  850 
 82  858 
 82  861 
 82  863 
 82  871 
 82  885 
 82  914 
 82  974 
 83  1082 
 83  1256 
 83  1491 
 84  1762 
 85  2045 
 85  2284 
 85  2421 
 85  2473 
 86  2486 
 86  2487 
 86  2484 
 86  2480 
 86  2473 
 86  2463 
 86  2445 
 86  2418 
 86  2383 
 86  2337 
 85  2284 
 85  2219 
 85  2136 
 85  2032 
 85  1917 
 84  1810 
 84  1714 
 84  1632 
 84  1560 
 84  1497 
 84  1438 
 84  1379 
 83  1322 
 83  1264 
 83  1206 
 83  1146 
 83  1082 
 83  1017 
 82  950 
 82  885 
 82  823 
 82  766 
 82  713 
 82  663 
 81  621 
 81  592 
 81  576 
 81  574 
 81  578 
 81  588 
 81  602 
 81  619 
 81  638 
 81  657 
 81  676 
 81  693 
 81  712 
 81  730 
 81  745 
 81  757 
 81  762 
 81  767 
 81  769 
 81  775 
 81  787 
 81  799 
 80  814 
 80  831 
 80  846 
 80  855 
 80  860 
 80  867 
 80  884 
 80  926 
 80  1015 
 81  1169 
 81  1390 
 82  1654 
 82  1941 
 83  2208 
 83  2376 
 83  2448 
 83  2469 
 83  2475 
 83  2476 
 84  2477 
 84  2478 
 84  2472 
 84  2460 
 84  2438 
 84  2404 
 83  2356 
 83  2299 
 83  2235 
 83  2153 
 83  2051 
 83  1940 
 82  1835 
 82  1741 
 82  1655 
 82  1580 
 82  1514 
 82  1456 
 82  1403 
 81  1351 
 81  1303 
 81  1246 
 81  1184 
 81  1120 
 81  1053 
 80  987 
 80  920 
 80  857 
 80  795 
 80  734 
 80  679 
 79  630 
 79  587 
 79  553 
 79  527 
 79  515 
 79  517 
 79  531 
 79  546 
 79  565 
 79  588 
 79  610 
 79  630 
 79  648 
 79  669 
 79  693 
 79  719 
 79  740 
 79  752 
 79  764 
 79  776 
 79  790 
 78  804 
 78  818 
 78  832 
 78  841 
 78  847 
 78  852 
 78  858 
 78  875 
 78  914 
 78  1002 
 79  1159 
 79  1379 
 80  1640 
 80  1916 
 81  2175 
 81  2337 
 81  2409 
 81  2442 
 81  2458 
 81  2461 
 81  2459 
 81  2458 
 82  2453 
 82  2442 
 81  2425 
 81  2396 
 81  2353 
 81  2296 
 81  2229 
 81  2149 
 81  2051 
 81  1947 
 80  1848 
 80  1762 
 80  1684 
 80  1612 
 80  1550 
 80  1496 
 80  1446 
 80  1396 
 79  1345 
 79  1288 
 79  1226 
 79  1166 
 79  1104 
 79  1045 
 78  989 
 78  940 
 78  899 
 78  858 
 78  818 
 78  777 
 78  736 
 77  701 
 77  676 
 77  661 
 77  657 
 77  663 
 77  677 
 77  697 
 77  722 
 77  742 
 77  757 
 77  772 
 77  787 
 77  806 
 77  823 
 77  844 
 77  866 
 77  886 
 77  898 
 77  905 
 77  914 
 77  926 
 77  937 
 77  947 
 77  959 
 77  968 
 77  973 
 77  980 
 77  995 
 77  1030 
 77  1114 
 77  1263 
 77  1482 
 78  1746 
 79  2024 
 79  2288 
 80  2456 
 80  2534 
 80  2569 
 80  2581 
 80  2581 
 80  2573 
 80  2566 
 80  2557 
 80  2540 
 80  2515 
 80  2479 
 80  2435 
 80  2380 
 80  2309 
 79  2218 
 79  2109 
 79  2002 
 79  1906 
 79  1822 
 79  1747 
 78  1684 
 78  1629 
 78  1576 
 78  1526 
 78  1478 
 78  1429 
 78  1377 
 78  1321 
 77  1265 
 77  1213 
 77  1175 
 77  1166 
 77  1146 
 77  1069 
 76  939 
 76  801 
 76  680 
 76  591 
 75  542 
 75  524 
 75  531 
 75  555 
 75  583 
 75  605 
 75  618 
 75  626 
 75  633 
 75  638 
 75  644 
 75  655 
 75  673 
 75  693 
 75  711 
 75  712 
 75  684 
 75  638 
 74  596 
 74  573 
 74  569 
 74  574 
 74  587 
 74  608 
 74  631 
 74  648 
 74  670 
 74  713 
 74  793 
 74  929 
 75  1126 
 75  1393 
 76  1714 
 77  2052 
 77  2366 
 78  2571 
 78  2667 
 78  2711 
 78  2728 
 78  2729 
 78  2729 
 78  2738 
 78  2749 
 79  2762 
 79  2775 
 79  2778 
 79  2767 
 79  2743 
 79  2712 
 79  2665 
 78  2593 
 78  2498 
 78  2395 
 78  2297 
 78  2203 
 78  2111 
 77  2027 
 77  1951 
 77  1885 
 77  1822 
 77  1763 
 77  1706 
 77  1643 
 77  1581 
 76  1523 
 76  1471 
 76  1421 
 76  1369 
 76  1321 
 76  1273 
 76  1223 
 75  1169 
 75  1119 
 75  1075 
 75  1025 
 75  975 
 75  926 
 75  886 
 75  855 
 74  829 
 74  812 
 74  800 
 74  796 
 74  796 
 74  801 
 74  812 
 74  822 
 74  833 
 74  841 
 74  848 
 74  851 
 74  849 
 74  850 
 74  857 
 74  870 
 74  882 
 74  891 
 74  900 
 74  905 
 74  911 
 74  919 
 74  933 
 74  974 
 74  1070 
 74  1249 
 75  1509 
 75  1814 
 76  2108 
 76  2289 
 76  2310 
 76  2247 
 76  2174 
 76  2124 
 76  2104 
 76  2122 
 76  2161 
 76  2213 
 76  2265 
 76  2301 
 76  2314 
 76  2304 
 76  2277 
 76  2235 
 76  2177 
 76  2106 
 76  2028 
 76  1951 
 76  1871 
 75  1792 
 75  1717 
 75  1643 
 75  1576 
 75  1517 
 75  1467 
 75  1424 
 75  1383 
 74  1345 
 74  1303 
 74  1256 
 74  1204 
 74  1153 
 74  1101 
 74  1047 
 73  996 
 73  945 
 73  889 
 73  835 
 73  782 
 73  735 
 73  692 
 72  652 
 72  618 
 72  592 
 72  584 
 72  593 
 72  612 
 72  631 
 72  653 
 72  680 
 72  708 
 72  736 
 72  763 
 72  784 
 72  802 
 72  822 
 72  848 
 72  879 
 72  907 
 72  925 
 72  939 
 72  954 
 72  965 
 72  979 
 72  1002 
 72  1035 
 72  1092 
 72  1198 
 72  1374 
 73  1611 
 73  1880 
 74  2161 
 75  2383 
 75  2498 
 75  2549 
 75  2578 
 75  2585 
 75  2574 
 75  2564 
 75  2560 
 75  2556 
 75  2544 
 75  2519 
 75  2481 
 75  2428 
 75  2364 
 75  2289 
 75  2204 
 74  2111 
 74  2015 
 74  1929 
 74  1853 
 74  1788 
 74  1731 
 74  1678 
 74  1631 
 73  1583 
 73  1539 
 73  1496 
 73  1446 
 73  1394 
 73  1340 
 73  1292 
 73  1244 
 72  1195 
 72  1147 
 72  1102 
 72  1060 
 72  1011 
 72  965 
 72  924 
 71  887 
 71  854 
 71  823 
 71  795 
 71  770 
 71  744 
 71  725 
 71  705 
 71  687 
 71  677 
 70  676 
 70  684 
 70  688 
 70  691 
 70  694 
 70  698 
 70  706 
 70  715 
 70  731 
 70  748 
 70  768 
 70  789 
 70  806 
 70  818 
 70  824 
 70  831 
 70  844 
 70  872 
 70  940 
 70  1065 
 71  1264 
 71  1522 
 72  1809 
 72  2094 
 73  2281 
 73  2367 
 73  2411 
 73  2445 
 73  2463 
 73  2468 
 73  2479 
 73  2491 
 73  2498 
 73  2493 
 73  2474 
 73  2442 
 73  2393 
 73  2336 
 73  2273 
 73  2203 
 73  2114 
 73  2019 
 72  1931 
 72  1847 
 72  1768 
 72  1699 
 72  1639 
 72  1590 
 72  1549 
 71  1515 
 71  1481 
 71  1444 
 71  1407 
 71  1368 
 71  1329 
 71  1288 
 71  1248 
 71  1214 
 71  1182 
 70  1152 
 70  1122 
 70  1093 
 70  1054 
 70  1009 
 70  966 
 70  924 
 70  885 
 69  850 
 69  821 
 69  798 
 69  775 
 69  758 
 69  744 
 69  731 
 69  721 
 69  712 
 69  710 
 69  713 
 69  722 
 69  729 
 69  739 
 69  760 
 69  781 
 69  796 
 68  808 
 68  824 
 68  839 
 68  852 
 68  869 
 68  894 
 68  933 
 69  1011 
 69  1154 
 69  1369 
 70  1633 
 70  1925 
 71  2206 
 71  2380 
 71  2458 
 72  2503 
 72  2538 
 72  2551 
 72  2548 
 72  2549 
 72  2552 
 72  2552 
 72  2543 
 72  2524 
 72  2495 
 72  2453 
 72  2400 
 72  2336 
 71  2261 
 71  2169 
 71  2072 
 71  1985 
 71  1908 
 71  1839 
 71  1774 
 70  1715 
 70  1668 
 70  1623 
 70  1578 
 70  1534 
 70  1492 
 70  1452 
 70  1413 
 70  1378 
 70  1340 
 69  1300 
 69  1255 
 69  1208 
 69  1161 
 69  1118 
 69  1081 
 69  1043 
 69  1005 
 68  972 
 68  940 
 68  913 
 68  887 
 68  859 
 68  830 
 68  801 
 68  779 
 68  760 
 68  743 
 67  728 
 67  717 
 67  714 
 67  715 
 67  719 
 67  723 
 67  726 
 67  739 
 67  765 
 67  796 
 67  821 
 67  841 
 67  860 
 67  873 
 67  889 
 67  909 
 67  946 
 67  1021 
 67  1157 
 68  1360 
 68  1609 
 69  1885 
 69  2165 
 70  2360 
 70  2453 
 70  2503 
 70  2544 
 70  2565 
 70  2566 
 70  2566 
 70  2564 
 70  2556 
 70  2539 
 70  2513 
 70  2478 
 70  2432 
 70  2380 
 70  2315 
 70  2233 
 70  2139 
 70  2045 
 69  1962 
 69  1882 
 69  1813 
 69  1752 
 69  1699 
 69  1650 
 69  1604 
 69  1561 
 69  1518 
 68  1476 
 68  1437 
 68  1395 
 68  1352 
 68  1312 
 68  1276 
 68  1243 
 68  1212 
 68  1183 
 68  1156 
 67  1127 
 67  1094 
 67  1063 
 67  1034 
 67  1004 
 67  980 
 67  961 
 67  944 
 67  927 
 67  912 
 67  906 
 67  898 
 66  889 
 66  885 
 66  888 
 66  894 
 66  900 
 66  905 
 66  910 
 66  920 
 66  943 
 66  969 
 66  988 
 66  1003 
 66  1020 
 66  1035 
 66  1045 
 66  1058 
 66  1087 
 66  1150 
 66  1267 
 67  1447 
 67  1680 
 68  1938 
 68  2208 
 69  2411 
 69  2506 
 69  2549 
 69  2582 
 69  2599 
 69  2593 
 69  2580 
 69  2576 
 69  2574 
 69  2567 
 69  2551 
 69  2526 
 69  2488 
 69  2436 
 69  2366 
 69  2276 
 69  2181 
 69  2089 
 68  2002 
 68  1924 
 68  1855 
 68  1799 
 68  1750 
 68  1702 
 68  1653 
 68  1602 
 68  1553 
 67  1503 
 67  1453 
 67  1403 
 67  1354 
 67  1309 
 67  1267 
 67  1231 
 67  1194 
 66  1157 
 66  1124 
 66  1090 
 66  1055 
 66  1018 
 66  981 
 66  944 
 66  910 
 66  878 
 65  848 
 65  822 
 65  803 
 65  790 
 65  785 
 65  780 
 65  776 
 65  777 
 65  782 
 65  788 
 65  794 
 65  808 
 65  829 
 65  845 
 65  856 
 65  865 
 65  877 
 65  888 
 65  905 
 65  930 
 65  967 
 65  1030 
 65  1144 
 65  1328 
 66  1573 
 66  1853 
 67  2141 
 67  2340 
 68  2431 
 68  2474 
 68  2509 
 68  2524 
 68  2516 
 68  2509 
 68  2513 
 68  2518 
 68  2513 
 68  2497 
 68  2472 
 68  2435 
 68  2389 
 68  2329 
 68  2250 
 67  2162 
 67  2073 
 67  1991 
 67  1914 
 67  1845 
 67  1783 
 67  1726 
 66  1674 
 66  1627 
 66  1584 
 66  1540 
 66  1492 
 66  1445 
 66  1398 
 66  1354 
 66  1312 
 65  1272 
 65  1234 
 65  1197 
 65  1163 
 65  1129 
 65  1097 
 65  1067 
 65  1035 
 65  1006 
 65  975 
 64  949 
 64  926 
 64  901 
 64  877 
 64  853 
 64  832 
 64  812 
 64  795 
 64  780 
 64  766 
 63  754 
 63  742 
 63  733 
 63  727 
 63  727 
 63  736 
 63  743 
 63  749 
 63  758 
 63  765 
 63  770 
 63  777 
 63  798 
 63  839 
 63  921 
 63  1070 
 64  1289 
 64  1557 
 65  1853 
 65  2126 
 66  2278 
 66  2340 
 66  2389 
 66  2433 
 66  2451 
 66  2450 
 66  2450 
 66  2458 
 66  2462 
 66  2459 
 66  2447 
 66  2426 
 66  2393 
 66  2346 
 66  2282 
 66  2202 
 66  2111 
 66  2028 
 66  1953 
 65  1883 
 65  1818 
 65  1760 
 65  1708 
 65  1662 
 65  1621 
 65  1579 
 65  1538 
 65  1492 
 64  1443 
 64  1395 
 64  1352 
 64  1311 
 64  1269 
 64  1231 
 64  1200 
 64  1174 
 64  1149 
 63  1119 
 63  1088 
 63  1059 
 63  1033 
 63  1010 
 63  987 
 63  966 
 63  948 
 63  929 
 63  914 
 63  899 
 62  886 
 62  873 
 62  856 
 62  840 
 62  823 
 62  808 
 62  792 
 62  776 
 62  767 
 62  764 
 62  761 
 62  754 
 62  746 
 62  736 
 61  729 
 61  729 
 61  741 
 61  783 
 62  875 
 62  1034 
 62  1258 
 63  1528 
 63  1827 
 64  2078 
 64  2209 
 64  2272 
 64  2325 
 65  2368 
 65  2382 
 65  2379 
 65  2382 
 65  2393 
 65  2402 
 65  2403 
 65  2395 
 65  2373 
 65  2336 
 65  2284 
 64  2219 
 64  2146 
 64  2069 
 64  1997 
 64  1933 
 64  1873 
 64  1819 
 64  1770 
 64  1729 
 63  1689 
 63  1649 
 63  1612 
 63  1576 
 63  1540 
 63  1500 
 63  1460 
 63  1424 
 63  1387 
 63  1352 
 63  1318 
 62  1285 
 62  1255 
 62  1228 
 62  1206 
 62  1185 
 62  1165 
 62  1143 
 62  1120 
 62  1098 
 62  1076 
 62  1054 
 62  1031 
 61  1010 
 61  994 
 61  980 
 61  971 
 61  963 
 61  955 
 61  943 
 61  927 
 61  913 
 61  904 
 61  900 
 61  896 
 61  890 
 61  886 
 61  879 
 60  867 
 60  853 
 60  848 
 60  859 
 60  900 
 60  1001 
 61  1176 
 61  1413 
 62  1694 
 62  1987 
 63  2188 
 63  2279 
 63  2329 
 63  2375 
 63  2401 
 63  2403 
 63  2398 
 63  2406 
 63  2421 
 64  2429 
 64  2429 
 64  2418 
 64  2399 
 64  2366 
 63  2318 
 63  2253 
 63  2179 
 63  2106 
 63  2036 
 63  1971 
 63  1911 
 63  1858 
 63  1812 
 62  1769 
 62  1735 
 62  1701 
 62  1663 
 62  1621 
 62  1575 
 62  1533 
 62  1492 
 62  1453 
 62  1421 
 62  1390 
 61  1362 
 61  1333 
 61  1307 
 61  1285 
 61  1259 
 61  1235 
 61  1210 
 61  1186 
 61  1160 
 61  1135 
 61  1116 
 61  1096 
 61  1080 
 60  1069 
 60  1062 
 60  1054 
 60  1041 
 60  1028 
 60  1011 
 60  995 
 60  979 
 60  964 
 60  954 
 60  941 
 60  928 
 60  916 
 60  909 
 59  902 
 59  893 
 59  889 
 59  895 
 59  928 
 59  1015 
 60  1173 
 60  1399 
 61  1670 
 61  1922 
 62  2073 
 62  2147 
 62  2201 
 62  2246 
 62  2270 
 62  2273 
 62  2277 
 62  2296 
 62  2316 
 62  2329 
 62  2331 
 62  2321 
 62  2298 
 62  2262 
 62  2218 
 62  2163 
 62  2098 
 62  2032 
 62  1969 
 62  1913 
 61  1858 
 61  1807 
 61  1761 
 61  1720 
 61  1684 
 61  1649 
 61  1614 
 61  1576 
 61  1536 
 61  1496 
 61  1457 
 60  1423 
 60  1394 
 60  1370 
 60  1349 
 60  1326 
 60  1304 
 60  1280 
 60  1256 
 60  1235 
 60  1217 
 60  1197 
 60  1176 
 60  1157 
 60  1137 
 59  1118 
 59  1102 
 59  1088 
 59  1074 
 59  1063 
 59  1056 
 59  1048 
 59  1036 
 59  1027 
 59  1016 
 59  1008 
 59  1005 
 59  1002 
 59  997 
 59  988 
 58  980 
 58  968 
 58  956 
 58  947 
 58  950 
 58  984 
 58  1073 
 59  1238 
 59  1469 
 60  1719 
 60  1902 
 60  1998 
 60  2062 
 61  2124 
 61  2174 
 61  2203 
 61  2220 
 61  2244 
 61  2270 
 61  2289 
 61  2301 
 61  2308 
 61  2305 
 61  2289 
 61  2258 
 61  2217 
 61  2163 
 61  2094 
